	rs100056	rs100100	rs100117	rs100127	rs100139	rs100174	rs100177	rs100181	rs100192	rs100232	rs100235	rs100260	rs100274	rs100292	rs100293	rs100335	rs100368	rs100415	rs100420	rs100424	rs100440	rs100467	rs100484	rs100494	rs100510	rs100515	rs100645	rs100656	rs100667	rs100687	rs100720	rs100744	rs100752	rs100756	rs100758	rs100781	rs100806	rs100869	rs100886	rs100887	rs100916	rs100927	rs100937	rs100940	rs100950	rs100970	rs101007	rs101028	rs101040	rs101070	rs101072	rs101082	rs101095	rs101099	rs101116	rs101128	rs101130	rs101146	rs101186	rs101220	rs101236	rs101266	rs101306	rs101392	rs101405	rs101422	rs101430	rs101440	rs101474	rs101495	rs101589	rs101656	rs101696	rs101706	rs101710	rs101743	rs101765	rs101766	rs101777	rs101787	rs101803	rs101864	rs101875	rs101889	rs101904	rs101922	rs101942	rs101951	rs101987
rs100056	0.9900250000000003	3.131988115163699e-05	0.003280104032391876	0.0012424362139962185	0.002265760968596668	0.0186605260956458	0.006361174437555022	0.0019043826399722632	0.0012690568154524538	0.008673959888047962	0.020743162118710756	0.0006144366395847461	0.0044030050413072785	0.0011995400927190228	0.0024607039574826356	0.0008548683681179075	0.013165200011873067	0.001999798747418657	0.003276995411118634	0.015369175595742919	0.007254390243584975	0.016228056322286098	0.0008443472935196305	0.0012041110344962747	0.0004072188330941394	3.85560830218914e-34	0.017300481061176435	0.0059840437991210025	0.0015093583951545162	0.029292094280219425	0.006744420468474032	0.006380337748351168	0.008253232317654513	0.00796313270227666	0.024815875737093537	0.0047244222216770455	0.01993927164811089	0.0001429275370606843	0.00570921413241182	0.0015951509901970108	0.0005175596121159921	0.015041978676743582	0.005155964552271669	0.0014963679697818967	0.015976819619553134	0.0028952188034745614	7.175048241870436e-05	0.034126052875203934	0.0004688187076600365	2.2761856281710446e-06	0.0022736120514556587	0.0049929745690701355	0.00023665735343111625	2.060463449485131e-05	9.7632647111954e-05	0.00048795221271707274	0.004433777121629893	0.0014001178520619921	0.0005710124091115241	0.013594043164783992	9.432070837895129e-05	9.752738382652895e-05	0.013761466901431896	0.0005340620546148666	0.00045968694643486034	0.0006629885629954028	0.0012271300031059642	0.0023038702520777553	0.03598554779220176	0.009796139117849836	0.004355873061450302	0.015034836451201627	0.0010711256791493184	0.001872568806353508	0.0003161269609157592	0.0009863645340640835	0.006580116321112194	2.4789674636344777e-05	0.0016172749116296144	0.0019390662781700412	8.21489278083521e-06	0.013633280367016843	1.4612288986812465e-05	0.011580167267869066	0.0001516354429566694	6.684663676993286e-05	0.0047244222216770455	0.0033893396813715563	0.0027629212972901515
rs100100	3.131988115163699e-05	0.9900250000000003	0.005666844094212091	0.010114905654421165	0.021255456313891617	0.00150652603072082	0.015059775336973013	3.07754503373467e-05	0.00019634317243361413	0.001018769658459683	0.0005729502518928936	0.010564790958766767	0.0003721857108174066	0.0014708311042071305	0.010735317561100003	0.004023571054723923	0.0026075272243134278	0.0007309723266515795	0.008198220893500096	0.004675187683235814	0.0167567173754129	0.0005892246755380449	0.0038950835831960844	0.0003108408231125306	1.7021502299626326e-07	0.0017291718648635155	0.004142878750014176	0.0005060156999304745	0.0009429236879522243	0.016336397110961107	8.549712043550963e-05	0.003928820556450869	0.029786021941021177	0.013042896352113378	0.040486910085389384	0.001395538875626179	0.00024323191788513116	0.003996759007717983	0.0031300524095936276	0.0035685251644631895	7.030377270245174e-05	0.006895487064971176	0.0013383182769638364	0.002694437525112883	0.004727765258943713	0.0037275286027402357	0.002432665289580232	0.0019833565071068365	0.0008712123885184735	0.02321731912310049	6.206647038275673e-06	0.021696255879705157	0.0005733529318833915	0.011619123717396608	0.014606107761189101	0.02583914892212594	0.0005092325449421889	0.003127909999346739	0.005234756729701245	0.0008424837356628257	0.0009870719039016143	0.00030176404904389074	0.0017715498513264367	0.006299627507765451	0.0001296753952782167	0.006189545875801155	0.008599103182083236	0.00621737169259075	0.001141779984297515	0.03899545482192946	0.0009005377081269429	0.016892659777515886	4.893513314646625e-05	0.004621604802453395	0.012991654578095497	0.0005904944409099483	0.004041632070081151	0.017505756594339412	1.236251551295483e-05	0.005999755848119986	0.000991535985608979	0.005563072942020219	0.005941569359809465	0.007523258625542069	0.0023004019671305147	0.01677638553637554	0.022621352243263004	0.015523924576995708	0.000742680320123728
rs100117	0.003280104032391876	0.005666844094212091	0.9900249999999996	0.0016944666834228935	0.003029784077506536	0.01616014710720975	0.0006261500302641954	0.011830632762999761	0.01553011092525536	0.0018472476886576279	0.0033691603235547533	1.5678745858698468e-06	0.0003830498714456989	0.007446300639318533	0.0006465371068577946	0.002710514316667687	0.0021789070622619962	0.0005054456812023273	0.001638951567095948	0.0022752488642351987	5.2123458002350035e-06	0.008621084048894128	0.009324896251775716	0.0010897611966595386	0.0014460422227011711	0.008327653871805844	0.00017636011574995774	0.0011030563241366288	0.00028881496499833745	0.013910501505343034	0.01804430245842369	0.0016147620112516594	0.00019978354652100432	0.000879055017811028	0.0010024236821524518	0.0005352010411744911	0.0009383931867156493	0.008200263764031336	0.0011815002256502752	0.003190521170653174	0.000622045619960098	0.004069677313734275	0.0006207439766016837	0.0018631236240861757	0.011552387454641422	0.013490096515303552	0.008547020242875503	0.0066748682654709235	5.495583358958589e-05	0.0003505373978523482	7.799979095533402e-05	0.0002567505993920946	0.0020363592244907265	0.0007697857563270142	0.016038241275141054	0.0014284824457453113	0.0031631319462698277	0.00014710172535491455	0.0010178168274126791	0.004705604230770648	0.0124046690084705	0.003792310501645494	0.0005778262691978945	0.014118607962282604	0.0020557178199673907	8.895094485033161e-05	0.00034352513518060614	0.00013065439766354672	0.0057069400422530515	0.002086232306440735	7.440619206444959e-06	0.0021346467698769816	0.001708262722322538	2.4190065039135028e-05	0.006227097386379294	0.0009316196310553268	0.0002257411052953978	0.006032166856731454	0.005985986403996287	0.001814180217240544	1.7629179937869407e-05	0.001560987207658672	0.00011816218162021968	0.0006813727828748533	0.002898282273482043	0.04347696927982909	0.009215751129291995	0.00013362868621490445	6.786475036724485e-05
rs100127	0.0012424362139962185	0.010114905654421165	0.0016944666834228935	0.9900250000000003	0.0005740294048041642	0.0020920780622637417	0.008009648015086267	0.004332506087846199	0.0020523027097331756	0.00451523926030619	0.0007266952089992793	0.0029114153717688077	0.00021728973497532863	0.005972628375604623	0.003282338886504289	0.0002531665540668516	0.005151462065705301	0.0008385052070032976	0.002348302110562493	0.012513161818603433	0.0016622478354407757	0.001135158485327546	6.022761980920749e-05	6.404791127522125e-05	0.015450367861034753	0.013838208865814699	0.009396132204225218	0.0029795141093851584	0.013077681703158745	0.016280296319610952	0.0003409242218438524	0.003480309810640008	0.045239399466763384	0.006523727036741205	8.835249076338172e-06	0.00026506408302645585	6.828038517412928e-05	0.012207423066979436	0.013343196129991405	0.0009984844783572921	0.0027402128844272173	1.5047664934962318e-06	0.0016808048151096182	0.011470320068678073	2.3945469668270118e-05	0.006960839839467734	0.0003371864201849508	1.3303194123003289e-05	6.636178090221595e-05	0.006022108437341653	0.0017881389776357786	0.0003296097833143833	0.0008894544389342397	5.697080636399829e-07	0.008869004940098586	0.00043880034719016284	0.003985025736009364	0.002081876182832158	0.00016021153031817	0.010071718933916262	0.0003725303537870252	0.010506501303057815	0.00021072459455761372	0.022796512726324974	2.6945110589535337e-06	0.004905614550343174	0.0005647165250445442	0.006337040144464512	0.0023738069027488275	0.006776563227338833	0.01557502648226221	0.001840294608401039	0.0010025417335432912	0.0017526686306239031	0.004028529062183345	0.010926390512899224	0.0008280154893531577	0.0005716023025294022	0.007774864154475849	0.008906581879706752	7.688894972541147e-06	0.012399099188703792	6.048316809420806e-05	0.0012347222727736842	0.017992680558653877	0.0010892218270759679	0.0031811070882600827	2.945425835715541e-06	0.00567029046208992
rs100139	0.002265760968596668	0.021255456313891617	0.003029784077506536	0.0005740294048041642	0.990025	3.168434864705031e-06	0.008125809056751076	0.0017090443896424156	0.00027844633332501246	0.004007536142090044	0.0018357674645210435	0.004166771885521882	0.0005489143466232819	4.096937719842726e-05	0.0035381436135009945	0.0009275596545161755	0.010349600247429048	0.025153729641693826	0.0002222278338945001	0.0017571304174082327	0.00014611182654590226	0.012112648427849468	0.0016397236775392947	0.010819392654961891	0.0009095836922193513	0.007543047619047619	0.009352321841156067	0.0049231786082095065	0.0005606665534035552	0.0007800160711562296	0.009880489021956087	0.00016880221653879025	0.0029299400227650748	2.7778479236812497e-05	0.011840150010345541	0.0029665652111948403	0.0025204300387727334	0.020446929659527612	0.0009480829895455362	0.002243356201945012	0.00011167794698251501	0.002260761179828733	0.01705265756069225	0.0031197482497991613	0.0008913725719270392	0.01192850517725425	0.0001898796581810145	0.0035474541066564556	0.006231371226718043	0.000672385234561689	0.004459074074074077	0.010956540679695093	7.888515241739017e-05	0.00038041306436119174	0.004430449766161076	0.014772227732978097	0.013393354210337946	0.006669203341885402	0.009458631048242532	0.0003859746588693955	0.0003779330273959234	0.0033610943432954583	0.002792376074616806	0.007889641332255273	0.00828466595282323	0.0022058754610568554	0.004838933106674801	0.0003188486312399366	0.001978060235266303	5.5876598881575074e-05	0.0028220863539971373	0.004471588085071659	0.0026149630216587448	0.0015555948372615043	0.00028097135108357034	0.0058833616087533075	0.0009598846228427392	0.007322869887576182	0.007947437634124714	0.001069471450617283	0.004120229638632857	0.0009818859266758522	0.0039845616571538775	0.001775156564468492	0.00021438892020795777	0.004823790729541353	1.9204874534092544e-05	0.016021744741482248	0.01007613520024089
rs100174	0.0186605260956458	0.00150652603072082	0.01616014710720975	0.0020920780622637417	3.168434864705031e-06	0.9900250000000002	0.012288580509159314	0.00020192981790109808	0.001241615730743918	0.005550591404527271	0.0037858917590799404	0.005142585815065834	1.0398162086170557e-05	0.0017420196492174702	0.008537820596727475	0.002682618621665073	0.0008581563615291938	0.0018019947337584654	0.0004666240437110774	0.0006908141291462491	0.0006119220165175743	0.005059064725605476	0.014052817199690638	0.0028265232793629014	0.012563867634828856	0.005737130272876277	0.020621775547449886	0.02370317682854278	1.3080694395571e-06	9.604264334275668e-06	3.443538490682224e-05	0.00937144970091724	0.003058887914595382	0.0026794877571742607	0.0012640993064966287	1.1201537400471583e-06	0.0036257431874167382	0.0038688311470093145	0.004197492712095925	0.00047774264236618647	0.01002069797096463	0.006913322890831711	1.074224623546821e-06	1.5337244464607082e-05	0.0031292769542186475	0.005102433323138722	0.0001241281773889047	0.016433946488261714	0.01015446744833109	0.002456011229363839	0.00029256276702990444	0.0011156621932027256	0.00527883210305462	0.004558437283880692	0.004509843451746319	0.0012535463833221	0.00458068545022715	0.0008391428092166563	0.012355853974906347	0.0016909436593740609	0.0001581081809883824	0.00034642095557041637	0.018222302163104005	0.024959906888047133	0.008408722816802152	0.0016945208988652914	0.0026450161094008027	0.0006256143519378509	0.005353657586383144	0.000752036464625786	6.0816229793236247e-05	0.0013784601223013723	0.005696027416243347	0.0029135198778626834	0.0014830193036029463	0.004803609015435294	0.0017977964840962758	0.006069445336401861	0.011508533203790475	2.2631677605034918e-06	0.007300411856155234	0.0013987425000104225	0.01380612689422302	0.004480444484124392	0.004092505563039106	8.522988342036824e-05	0.0037867825894912924	0.016195424753036182	0.0009277331841654066
rs100177	0.006361174437555022	0.015059775336973013	0.0006261500302641954	0.008009648015086267	0.008125809056751076	0.012288580509159314	0.9900249999999999	4.051537926383766e-05	0.01590957701767363	0.0015532960524919485	0.0002857473880337054	0.000741125434183735	0.0023164721398620655	0.0038548459454884054	0.000940086467355337	0.0018792363183302348	0.0065382426195328995	0.004473983533107597	0.00015810675929252944	0.0018128902478682994	0.0004723242007658195	0.021161710318998963	0.0034601986256373807	0.010195784989615457	4.493990574206249e-06	0.006298295689817428	7.191297874684885e-05	0.00020783351001749808	0.0008975097001124134	0.0020723550809087737	0.029063477984741983	0.0003117318052462058	0.001631246865821333	0.0012648540743402437	0.00035706512538550574	0.00015399375276772405	0.012731414231019356	0.0016849856652246303	0.002365182894649038	0.00867220467883387	0.00037299551462539844	0.001699045924014897	0.00035626288207814115	0.0013863737117114888	4.937372863088655e-06	0.00324486907907171	0.0016962504293992764	0.002228015533903921	0.0031971430890401324	0.000119594211680933	0.004096673254281951	0.015889343557209383	6.05240644818984e-05	0.005894147084173391	0.0001520435390236335	0.0038226650140510436	0.0005282478671168286	1.0425778754414246e-05	1.9725081934133064e-05	0.0002746064766659728	0.024091039077125096	0.005731690845068635	0.0035943133663754075	0.006838632049265575	1.2500720772516231e-06	0.00018687381196707718	0.008106355182324354	0.01080027272727273	0.0059958953339029585	0.0009104906313682774	4.342146352075117e-05	0.005846848102936705	0.0010935299908754724	2.258667989893285e-05	0.012185950331083314	0.0027355344328109854	0.004268261662838262	0.008981898273671735	0.00044083349167210213	0.0005590203274985894	0.01633309842309584	0.00024067162163378934	0.0007677516106786449	0.008284836427367347	0.012732130285809237	0.001507624725281679	0.009389436200331383	0.011649846543300132	0.00306476455970093
rs100181	0.0019043826399722632	3.07754503373467e-05	0.011830632762999761	0.004332506087846199	0.0017090443896424156	0.00020192981790109808	4.051537926383766e-05	0.990025	0.00963684216245632	0.003910608319605541	0.0018232526355224097	0.004916012812198071	0.0025672299226653576	0.010639228375532106	0.0005632643811314454	0.003281171305731022	0.002481661676380624	0.0014087861157894754	0.010717198584399573	7.761267607817373e-06	0.0021414892597765947	0.006413798648037733	2.6525782692518416e-07	0.0009858987969295272	0.004627228647400888	0.002034576654336209	9.948870179437621e-06	0.0006816873048495201	5.1375504858293506e-05	0.0019023179936802927	0.01269861264787669	0.0073491720307796975	0.006352469155467152	0.0013396498230499488	0.0026892784157315462	1.9389347594940143e-05	0.004037138013431161	3.718583270012883e-05	0.009021374688447676	0.004322852334104278	0.0050683925753584975	0.013334178996983236	4.36211613904775e-05	0.0035802012943925003	2.0561322220225252e-05	0.0002467354363997683	0.017344371559106973	6.0066303002600675e-05	1.2445035656710942e-08	0.0021398276219263567	0.011107649286595018	0.00020979267035231854	0.007036079150237898	0.002091032177803584	0.0003953327359845396	0.013746798831430602	0.008318619269966467	0.00346311688783373	0.019454508298805274	0.003965129840631169	0.004055471082119135	0.00011045656847181842	0.003150051477799765	0.0062303218857153765	0.0023108757356540433	0.001833271273498528	0.014628220244800075	0.012172985856992226	0.0009093201535345295	0.008698923622825375	0.01702596596783135	0.0012196535215466947	0.010965156725486426	0.005218179530527595	0.028516373885387313	0.003292084620381351	0.0009206573491947676	0.008529429841120139	0.004502993031748391	0.010469765375323995	0.006594176248412978	0.04986623276266611	5.905159280584073e-05	2.630799360913553e-05	0.014129033413537558	0.003805920842005288	0.0014323480539206448	0.000301250103023771	0.020643982076204437
rs100192	0.0012690568154524538	0.00019634317243361413	0.01553011092525536	0.0020523027097331756	0.00027844633332501246	0.001241615730743918	0.01590957701767363	0.00963684216245632	0.9900249999999999	0.00923032965734278	0.00039914127459730734	0.0009908136067482277	0.0017409082877485045	1.2426119797321212e-06	0.0025261939701977337	0.0007389341938526048	0.02309206545736478	4.687085061811426e-05	2.6960914469339197e-05	0.004931793466731961	0.0010111559358894821	0.00177090117020047	0.003120087937366073	0.001810867443614582	0.01655964446627271	0.001429891356677473	0.0023871961816222306	4.81048242205254e-06	0.0015025762859873421	6.430369766206207e-05	0.0020258221256879635	0.010781257123045293	0.02209815024169139	0.000917513620534714	0.0011941501125225763	0.0033518194024203863	0.003745819974495988	0.009797891725696922	0.00823386549005558	0.0019184055133233376	0.0005152340241037894	0.00012190129929429278	0.00019563728609342198	0.0009264368149608814	0.0006137727962813818	1.1400694227165671e-07	0.011797782962784446	0.005272165561791161	0.0032438421644548233	0.015693884394449145	0.002263395866097508	0.0008278202318301409	6.74035732133748e-05	0.000462803132670377	0.0007277046160419799	0.0012343276338402812	0.005620210352091976	1.97537783634151e-07	0.0003812960484104847	0.006743066608331661	0.009548737197940036	0.008125257034884583	0.0007911391069518475	0.00454575112801112	0.0007588969171786716	0.0033579670967258347	0.00463665738277302	0.00011179401795395353	0.012680973366310761	0.00028641307649587394	0.01720214940702145	0.01616539854124247	0.007411313978482376	0.0007821072420614654	0.014218066841688493	0.0026327996091984615	0.010509992607108703	0.001330087647525063	0.004672198103962803	0.018907003258363555	0.004963628467404385	0.0005742807846467455	0.008585481741569676	3.069899266512147e-05	0.005959112821423625	0.005725748679582351	0.00033951969936455367	0.00016158425147549485	0.0030398431064180323
rs100232	0.008673959888047962	0.001018769658459683	0.0018472476886576279	0.00451523926030619	0.004007536142090044	0.005550591404527271	0.0015532960524919485	0.003910608319605541	0.00923032965734278	0.9900250000000003	0.006353203112063535	2.78817449588829e-05	0.0024156592685911976	0.004996284085481088	0.007639265973525827	0.005355719531667077	0.02612641739942518	0.00033474860722871783	0.02914571739701851	0.0018683300332721323	0.0019338011359295935	0.012749288998404535	0.0008824836944802385	0.003095096928747262	0.00015216084070584005	0.0008762834129934492	0.008042811582085928	0.004483935907105309	0.0008441262235258015	0.0040841438232226655	0.0012414889551751504	0.014084631041684498	0.0015342210299360529	0.006022456911118622	0.0008292872076038576	1.894844043061032e-05	0.009298834481357128	2.9226700169539265e-05	0.00038055761681440365	0.004993916783653079	0.01795357924631554	0.0006174838208020453	0.0006670640674402388	0.010492669566810543	0.004462595822755855	0.001766310686795512	1.0147748789302826e-05	0.0014247296423396181	0.008228284363935027	0.01235730438542641	0.029350650557620803	4.4963924422956494e-05	0.0010689084779233824	0.02806430209014067	0.003048315840231548	0.004645859175640676	0.0064630281109239384	0.04228308718011363	0.0001418028404072812	0.00025827300593491174	0.0067208075719736755	0.01017030934293002	0.014900683490434606	0.0025038682615775272	0.001495644373709596	0.004251660819506031	0.0001464113668680364	0.007426921017186573	0.001096698449877635	0.03743704570411633	0.00458864467368581	0.010708057239177284	0.0004374473456306461	0.0017207019746053249	0.0035513416596505867	0.00011768515095951543	0.0007771853935135632	0.005182894526778219	0.014353141103128656	0.006440683085501859	0.011156730712389347	0.00016425601003871118	0.005363869778552847	5.454354059705207e-05	0.004932381054813631	0.0003181554077912182	1.894844043061043e-05	0.00040112584680922426	0.0136543478808394
rs100235	0.020743162118710756	0.0005729502518928936	0.0033691603235547533	0.0007266952089992793	0.0018357674645210435	0.0037858917590799404	0.0002857473880337054	0.0018232526355224097	0.00039914127459730734	0.006353203112063535	0.990025	5.2749443510383746e-05	7.474058977675741e-05	1.2966343656183782e-05	0.0025821044604910875	0.004795357623084085	0.006396546065242935	0.0007397992334145415	0.02450700071830573	0.005005006802385785	0.0004161846374783609	0.0029241146172222627	0.0002569854335294272	0.0021420710648517357	0.009063554875289403	0.0001842044059092769	0.010437990214555675	0.0010857373184281177	0.02306070167116341	3.386120925968219e-06	0.017679872697948733	3.2318215461321024e-05	1.5241499306913625e-05	0.004001142974417267	0.0010502738361508831	0.0002085169066218819	0.0028630491442261444	0.033231265465145356	0.001841196237233474	0.003043507487826863	0.0007335137882688552	0.003358899864404312	0.00605795241752807	0.0011645404172433583	0.0021157415574640857	0.00014982042272069848	0.0002954753714014191	9.401644816821718e-05	0.0014668759590762157	9.373550827681332e-06	0.002624218546496478	0.0028819380535542788	0.0005142458001288538	0.0010835678194294428	9.3745861075016e-05	0.0007049771960346364	0.003283087774740136	0.05342984574621406	0.018566953985960127	0.004397637816865681	0.001628338051658617	0.000370744608489855	7.248239535794171e-05	7.200268735006084e-05	0.0011766760115354358	0.0038623835624254465	0.00042195671626847934	4.4849768395304684e-07	0.017072942405717318	0.0036815847026861605	0.012790947912117866	4.694460804087991e-05	0.000500650643636151	0.01050411669818417	0.0003115564250117331	0.005211013696217033	0.00273413345943874	0.000474700504716874	0.012404979897319304	0.007985260996167158	0.0033576920159007146	0.006559028894858072	0.0018698643850723693	0.0001622610723048404	0.0004935289535854898	0.0014797033113038143	0.006316963797679981	0.004972481188249583	0.0022832360751974274
rs100260	0.0006144366395847461	0.010564790958766767	1.5678745858698468e-06	0.0029114153717688077	0.004166771885521882	0.005142585815065834	0.000741125434183735	0.004916012812198071	0.0009908136067482277	2.78817449588829e-05	5.2749443510383746e-05	0.9900249999999998	8.587334223141188e-05	9.91609976753977e-35	0.006567008979604113	0.0005447271941250482	0.0051788886055228675	0.004741412638664269	0.006136518595041324	0.0005657493496925596	0.0022961284048888904	0.0068769456544151755	0.0010660232009976373	0.005217472522763665	0.0008188191263409279	0.004017958603896101	0.0008129346423984821	0.013110158921493883	6.880907700861849e-05	0.006085345182263164	0.0033683485302122974	0.008753417971272836	0.02345803916827855	0.001725895854855375	0.006159373412899945	0.0011556328375141498	0.009378644229758346	0.011979038464980576	0.015309422826229397	0.0038354327339478887	0.006434172627288107	0.0028313036556093774	0.002999537586023734	8.964369793553128e-05	0.0007665271369945083	0.00021656108108248203	0.006873185160918568	0.0002221272283852601	0.007326774610264503	0.0003424184064897482	0.00282670454545455	4.879758876993672e-06	0.031795246273601	0.0029260465106759276	9.61714961071853e-05	0.00212433110001752	0.00019441668913171905	0.00024478859700468263	0.011539326500444761	0.0011842404306220127	0.000233016485245865	0.00018113024748852254	0.0002872268315376734	8.61760558476372e-06	0.008340376726749985	0.011612113742141274	0.00015888292413279443	0.00035218280632411044	0.008814285354430988	0.012179206630525428	2.9960809829318165e-05	0.028989294020006925	0.010305331544446057	6.087816066509177e-06	0.0009997985408379893	0.007947961895070098	0.00011780402189433426	0.007070503934633778	4.1126975291206745e-06	0.004838291818858228	0.0005537970290875951	0.012050418191021843	0.00032587380937686367	0.0003833648576194449	0.0015710713226734585	0.0054110224442935175	1.2025315686931974e-06	0.002516941685802265	0.008963640983000743
rs100274	0.0044030050413072785	0.0003721857108174066	0.0003830498714456989	0.00021728973497532863	0.0005489143466232819	1.0398162086170557e-05	0.0023164721398620655	0.0025672299226653576	0.0017409082877485045	0.0024156592685911976	7.474058977675741e-05	8.587334223141188e-05	0.9900249999999999	0.0013996248446053639	2.6996419640707305e-05	0.009754510670612993	0.0002706120695668752	0.0016587024095944221	0.026255044171758873	1.3637963978942771e-05	0.0036729258909866205	0.0015826844597636998	0.004062048334624942	0.017549183695993065	0.006057544717158683	0.009308369866366985	0.0006975636249355532	0.0038347351922191535	0.005376765609037638	0.0005869368101094894	0.00589597153927988	0.00032082369503653074	4.1016359728421484e-05	0.01626803288748536	0.0037258711237278543	0.0013720489006832264	0.0056061290579912226	0.0001257243892169274	0.00029834377356357627	9.302985289096129e-05	0.0004541836592952763	0.00737277144507003	0.00019653737888970845	0.001351776476236274	0.010182558428112434	0.006334337489756304	0.0033847398677092585	0.002733452214348644	0.029509911691188464	0.0025922345538731788	0.00024218202352208014	0.0008617306789932939	0.021173084321106674	0.0010239952881316867	0.0001362652164728372	0.00247244719732642	0.012787797239692906	0.014935175602491697	0.020846369032561148	0.003181833312153344	0.004528838186702515	1.1332423700576068e-05	0.0007590566410147941	0.0004763383332792913	9.400926938107647e-05	0.006636710542552117	0.0003775812108814424	0.00046682181329305814	0.001322615616079095	0.0042735138451811035	0.004658372705852437	0.000998472108316693	0.002569340175887918	0.012954940869422128	0.02832922620243817	0.007308360908390364	0.018662014185753584	0.0038257083548574908	2.381962678288138e-06	0.0022040824506062246	0.0020115105793653424	0.0002671650576679353	0.004003704239376165	0.00299799064081181	0.00022954376135348394	0.007618603071329522	0.006164117064509318	0.0008459564276012752	0.011089529821168604
rs100292	0.0011995400927190228	0.0014708311042071305	0.007446300639318533	0.005972628375604623	4.096937719842726e-05	0.0017420196492174702	0.0038548459454884054	0.010639228375532106	1.2426119797321212e-06	0.004996284085481088	1.2966343656183782e-05	9.91609976753977e-35	0.0013996248446053639	0.9900249999999999	0.00029649248157829404	1.0930565062821336e-05	0.005588599386524531	0.013582564996101575	0.0001676019976299307	0.0039772075921254025	0.0006743022695087498	1.3970433020650619e-05	0.00619453244273908	0.00015113528966504916	7.622209711335309e-05	0.003950618515562648	0.008829057001538602	0.0016928122317628922	0.018419305776228797	0.0028193622339250392	3.311895761549503e-05	0.0017115978939547627	0.001059101985023179	0.0030168359573387537	0.001514035922724012	0.0007097220393464979	0.00022203872773738853	0.013905025980568472	0.0018938384281125078	0.018852066749250197	0.0058490544858161055	8.4199671502001e-05	0.012620556696423063	0.010990729138072166	0.003538110360453851	9.10313942363829e-05	0.0027615076730535173	0.01814727542268204	0.0011379066903956297	8.416988762876498e-05	0.004697067039106144	0.0004330172625819479	0.005858261078509915	0.002582133369825963	0.003595894624154208	0.001800994876266135	0.0009187475525276465	7.859134524742728e-05	0.007501730707899085	0.0011643928256395177	3.0502967887792598e-06	0.0013691938057994889	0.003930804249422202	0.0007647041737898736	0.0020501484691452477	0.006194213406887851	0.010704450730503785	0.021248144036920068	0.012524140265172424	0.03137482812824402	0.0026586452699938253	0.00692514162885492	0.0073715661493240344	0.004692855933638062	0.010383382611272734	0.00860421514467163	0.0048938028313200155	0.00016098685707269337	0.0015376434046863654	0.009481484437350356	1.6806034402270974e-06	0.02049542089620194	0.006669831296041344	0.001031008275973934	0.03550364258902576	0.006849144174223763	0.01862273977545547	0.00023241096470322044	0.00040469750647227143
rs100293	0.0024607039574826356	0.010735317561100003	0.0006465371068577946	0.003282338886504289	0.0035381436135009945	0.008537820596727475	0.000940086467355337	0.0005632643811314454	0.0025261939701977337	0.007639265973525827	0.0025821044604910875	0.006567008979604113	2.6996419640707305e-05	0.00029649248157829404	0.9900249999999998	0.006527514988895656	0.017466386685530876	1.6417233281829916e-07	0.00017869412189398942	0.0004711582786171051	0.0007814157161005849	0.00015161841753016944	1.3324964941713055e-05	0.0070685637222620955	0.002311582646010793	0.0018720336579370334	0.0022844357219867603	0.0029112276251759927	9.818158175419026e-05	0.0029566743384604388	0.00047473428391397006	0.007225948843650871	0.0018974809239728206	9.927451216332938e-06	0.003517645367861006	4.237113217552902e-06	1.7680146061799442e-06	0.0024212777916985755	2.931013481038869e-07	0.008523399121694671	0.0003203996692052974	0.0012069362574863276	0.0011995704988626461	0.002508599684649886	0.00021093293865764217	0.00012123600854963778	0.007358056192979097	0.0004060483542828954	0.0051172727373839265	0.015307860082532331	0.013910903375248182	0.0011255546544310848	0.00033033750312403575	0.0004569488496463022	0.013766016444897545	0.00023579768842801484	0.006996284324314739	0.01906340420398429	0.0023354969224171945	0.015207810268556905	3.6135216756552723e-07	0.0021290132765987555	0.0024611395589880466	0.0030918668497911758	0.025201059551504618	0.0007994764422044299	0.008732406257577806	0.002106933185624265	0.005987304101071663	0.028511136651339627	0.0003149553298007258	0.009742236153117475	0.00023363336063794192	0.0007722138838990284	0.0005527188924085907	0.011068538378613366	0.0007718463380237767	0.0062775524544207775	0.0023809660763491444	0.00023595424230248092	0.004420041547842913	0.0028458844245381177	0.0015730123957838642	0.002722111327096934	0.004959441861398471	0.008326154394631462	4.237113217552945e-06	0.006818366705695505	0.008954560997132129
rs100335	0.0008548683681179075	0.004023571054723923	0.002710514316667687	0.0002531665540668516	0.0009275596545161755	0.002682618621665073	0.0018792363183302348	0.003281171305731022	0.0007389341938526048	0.005355719531667077	0.004795357623084085	0.0005447271941250482	0.009754510670612993	1.0930565062821336e-05	0.006527514988895656	0.9900250000000002	0.0037997918763976305	0.006371234932748878	1.4822508683674843e-05	0.022971181247342855	3.120752035238235e-05	0.0018930297357530551	0.016851025486400256	0.00502599961421667	0.015531231424456901	0.017119997529644264	0.0009708252130824652	0.0034275257670060206	0.006515920422816115	0.009577028885446728	0.005166753745473485	0.015506340635870556	0.0028909148141918668	0.008821245480371907	0.016625389460551573	0.028384032307621446	0.0005741818182906502	0.0227473064805325	0.007788648865829344	0.0029266049022267414	0.0005594932719380953	0.006480327459637535	0.005258805160178219	0.013969692792291526	0.005135690673089337	5.8945619702923924e-05	0.0016434201674275105	0.00915356192135175	0.002293766558946252	0.008977194313440571	0.00024580039525691906	0.0001871281447612385	0.0020723888005005405	0.002453466916454989	0.01330614985484722	0.001005721970056603	5.291815207135521e-05	0.0020087000400171298	0.0017036942307919027	0.001647638859995839	0.0005382099317050109	0.035062468267162215	0.01303627043123576	1.1989712117932146e-05	0.0025670230106362873	0.0017662727413056576	0.00040953075774861723	0.0005750617803746332	3.122741676929591e-06	0.0014484893838085445	0.0021910470492571147	0.0006036702240472236	0.0006976679998496665	0.0012710301196251024	0.009455060202529966	0.0031260443350524534	0.004097531196324738	0.008662711970250458	0.0009301848933254223	0.016980242447769623	0.007325102732569241	0.0008324464937580219	0.007832040508243682	0.003489241557206256	0.005015043075746281	0.0005853704496592302	0.005107203856221198	0.004400292296193783	0.0070150233780005905
rs100368	0.013165200011873067	0.0026075272243134278	0.0021789070622619962	0.005151462065705301	0.010349600247429048	0.0008581563615291938	0.0065382426195328995	0.002481661676380624	0.02309206545736478	0.02612641739942518	0.006396546065242935	0.0051788886055228675	0.0002706120695668752	0.005588599386524531	0.017466386685530876	0.0037997918763976305	0.990025	3.314430328364068e-05	0.00014092213892579275	0.00016514037554870035	0.007186606502868251	0.00608593215962211	8.488195084190085e-05	0.005120542297654439	0.0010685887485412306	0.0014763271696987788	0.011503761306541184	0.0006982779177517936	0.023519201094277707	0.000451076390922026	0.0035767782805995537	0.0003970434877530339	0.00012215473035332577	9.590534454671998e-05	0.0019513911081046383	0.0029348699268033464	0.005458922756775819	0.0008610891135096782	0.0002672050179303702	0.003667515982573378	3.4972217217906634e-06	0.0045309618635398455	0.0019882557791659553	0.00286926374760757	0.0007650629709639529	0.0001131186613197062	0.0037682147247689152	0.03030454081956816	0.0002141638386186874	0.007780026940847763	0.0010386221294363283	7.575341755600242e-05	0.031200729037897317	0.007746250368503056	0.0034168431987383397	3.9823854288598454e-06	0.0076466033262029024	0.00231328405138369	0.000818588691666059	2.7195500494451316e-05	0.0028878258542081314	0.0015743102702570572	1.2645630413463433e-05	0.003042896321888521	6.360578989033409e-05	4.4521496006072474e-05	0.006992650473400382	0.0012976273940274112	0.004354733169793875	0.01377123309783736	0.0014558826922488883	0.004989203229975611	0.0040125215468041165	0.0034022630683512756	0.0035465990674291726	0.009270374614767617	0.001082124627004342	0.0007269676247280506	0.0010611961666162333	1.537840801769528e-06	0.004326522339980796	2.092491052977431e-06	0.00026940715764767843	0.004751127141327	0.0008394270019736877	0.00012426147575621897	0.00015122273814572663	0.004255692215891317	0.004856276202114837
rs100415	0.001999798747418657	0.0007309723266515795	0.0005054456812023273	0.0008385052070032976	0.025153729641693826	0.0018019947337584654	0.004473983533107597	0.0014087861157894754	4.687085061811426e-05	0.00033474860722871783	0.0007397992334145415	0.004741412638664269	0.0016587024095944221	0.013582564996101575	1.6417233281829916e-07	0.006371234932748878	3.314430328364068e-05	0.9900250000000002	0.003638277791697984	0.0018210607788456579	0.001050484737314402	0.00013566241380339624	1.1752698783236531e-05	0.0012553654993972534	0.0064689040651543465	0.017718885349178516	0.002735530967460884	0.0029328435282288423	0.010384567283268096	9.175934923969713e-05	0.017648222010001546	0.007354450200148397	0.0042370336951995345	0.004344885461986442	0.006597958570190752	1.3257677028930754e-08	0.004330013942585645	0.007164465056467624	0.0027585465979426955	0.008088007200998053	0.005359618034401422	3.776432272327259e-06	0.010275531341975301	0.048269773349598366	3.256287140715898e-05	0.007181972114873933	0.001014075978928215	0.00264205462092559	0.0028338608811058013	0.0009996517767101492	0.007011870458531705	0.004809630224989527	0.0057030811213876174	0.0019048057065717797	5.772592377490773e-06	0.0028338608811058047	0.0010446759109653237	0.000185277225667165	3.116543415453342e-05	0.00047001674820978777	0.008034145876954692	0.028364944770617805	0.0002145244547985815	0.008493759083656335	0.01652743889449803	0.0022168599772095974	0.0050032627029725375	0.0069583141307071475	0.0056065896549289404	0.0009998565044168565	0.0003174299380663759	0.0015548594606966857	0.023597567833886137	2.4162116385242485e-06	0.0035430299121220472	0.008061284551740254	0.0008117290408655039	0.000478757241827907	0.0002158717938336941	0.01639070723487968	0.02795574926789468	0.0020117011583453285	0.0009054153937896824	0.0012886894045981917	0.001477298687993869	8.824773919905108e-08	0.0005356234096462087	0.0024451566783323256	0.0002440308274919376
rs100420	0.003276995411118634	0.008198220893500096	0.001638951567095948	0.002348302110562493	0.0002222278338945001	0.0004666240437110774	0.00015810675929252944	0.010717198584399573	2.6960914469339197e-05	0.02914571739701851	0.02450700071830573	0.006136518595041324	0.026255044171758873	0.0001676019976299307	0.00017869412189398942	1.4822508683674843e-05	0.00014092213892579275	0.003638277791697984	0.9900250000000002	0.026374543092409913	0.00906695449444497	0.008468691607033783	0.0002433727165178922	0.00030374236710824297	0.002332100233602171	0.00021429112554112564	0.00013502028662673774	0.0011534791790198604	0.00036698174404596357	0.001827409986744924	0.00017964525494465567	0.0010315691010703816	0.007092377677484062	0.004801257604453626	0.006033671914677503	0.007414007964849715	2.643384113729408e-05	0.007655243516082266	0.006107813660236741	2.9128716621889386e-05	0.009949489822078654	0.003147082324193408	0.010339044330859207	0.00021248876547681333	5.047092260046139e-05	0.003307788978111887	0.015277171054680721	0.0033928072122592834	0.0010854480904095526	0.05253811451199201	0.015075757575757564	5.8557106523925154e-05	7.638153542297046e-06	0.0078784410204349	0.00428062099545399	0.011329765866760088	2.4541751685266224e-05	0.036475166182248775	0.010555444191271723	0.009868670255183417	0.0021251838812167273	0.00028741328527104597	3.6257430411067134e-05	0.012512763309076986	0.00046002652442861104	0.0034656880879925223	0.003776575184325158	0.0008348036890645591	0.0030644504989601625	0.0006717631924909177	0.0006391639430254606	0.0015242430133752777	0.0017116121596311758	0.02280090044109931	0.0003332661802793291	0.00030271943738414286	0.0014136482627320308	0.0009583767848106843	2.1934386821975866e-05	0.05805950182629871	0.0005834240306437209	0.00037206710230628076	0.0017379936500099456	0.0005928166634588637	0.004899857965985051	0.010928771169539568	0.00023088606118909166	0.008045832319234718	0.0009756343927075634
rs100424	0.015369175595742919	0.004675187683235814	0.0022752488642351987	0.012513161818603433	0.0017571304174082327	0.0006908141291462491	0.0018128902478682994	7.761267607817373e-06	0.004931793466731961	0.0018683300332721323	0.005005006802385785	0.0005657493496925596	1.3637963978942771e-05	0.0039772075921254025	0.0004711582786171051	0.022971181247342855	0.00016514037554870035	0.0018210607788456579	0.026374543092409913	0.9900250000000002	0.00013619394741590422	0.001831813594466474	0.003018054532864679	0.0008779849915466842	0.00010959620988526237	3.3611897632288277e-05	0.0010927980500687723	0.0039421552020912414	0.0017097251928957357	0.011675026703610602	0.0002054149863683446	0.01281643338733257	0.006143507956123822	0.001318299366832448	0.005680711141399813	0.005486369579488841	0.019611477771368357	0.001549849298475597	7.494121660373838e-05	0.0069403671337405545	0.01026177490735319	0.0007919935300709486	0.002054683536116491	0.005186876746911196	7.204183044366325e-05	2.7337829879022482e-05	0.0035814950151926914	0.020351656293523878	0.015415250974810845	0.0118833534567975	0.010930622890821817	0.0007605911008656573	0.004479918913315713	0.004374506142222764	0.015308843218725282	0.005121418433397624	0.004072199200472026	0.0041995349677082005	0.013865423269483252	0.00035663992435101604	0.000782713765995978	0.03732728045365784	0.013363539567123685	9.604171714877427e-05	0.000773916895790972	0.006326075217400825	0.0011829553684644322	0.003306323455198109	1.0097278699963558e-06	0.001807404402294428	0.006138606656182046	6.589639649475438e-05	0.00283570423209964	0.0044019363390067805	0.00017206456941184532	0.00037447813349323223	0.05327133817674429	0.0009984949839000365	0.002263544741946326	5.601982938714671e-07	0.0005326081449003816	0.00016303684468837158	0.002443251044695587	0.002466173955831537	0.005397144991122635	0.002329045033068551	0.004101151980097568	0.0034444804446320133	0.00027889677010986644
